0000000000000000
0000000000000000
0000000000000000
0000000000000000
0001111111100000
0000000000000011
0000000000011100                                                            
0000000022200000
0000111100000000                                                                                            1111111111
1100000000000000                   111111                                                          11111111 1111111111
111111111111111111111111111111111          1111111111111111111111111111111111111111111   111111111 11111111 1111111111
111111111111111111111111111111111          1111111111111111111111111111111111111111111   111111111 11111111 1111111111
111111111111111111111111111111111          1111111111111111111111111111111111111111111   111111111 11111111 1111111111